%YAML:1.0
calibration_Time: "Fri Nov 20 23:59:59 2015"
nrOfFrames: 8
image_Width: 640
image_Height: 480
board_Width: 9
board_Height: 6
square_Size: 50.
FixAspectRatio: 1.
# flags:  +fix_aspectRatio +fix_principal_point +zero_tangent_dist
flagValue: 14
Camera_Matrix: !!opencv-matrix
   rows: 3
   cols: 3
   dt: d
   data: [ 9.2742223005987762e+02, 0., 3.1950000000000000e+02, 0.,
       9.2742223005987762e+02, 2.3950000000000000e+02, 0., 0., 1. ]
Distortion_Coefficients: !!opencv-matrix
   rows: 5
   cols: 1
   dt: d
   data: [ 1.9421594395220634e-01, -9.1135581534063110e+00, 0., 0.,
       6.6709002838315584e+01 ]
Avg_Reprojection_Error: 4.4334231986507461e-01
Per_View_Reprojection_Errors: !!opencv-matrix
   rows: 8
   cols: 1
   dt: f
   data: [ 5.48026562e-01, 5.40152431e-01, 3.20170820e-01,
       3.64637256e-01, 4.57938999e-01, 3.91846538e-01, 4.51799363e-01,
       4.21280652e-01 ]
# a set of 6-tuples (rotation vector + translation vector) for each view
Extrinsic_Parameters: !!opencv-matrix
   rows: 8
   cols: 6
   dt: d
   data: [ -3.2629215622420477e-01, 4.2902164652088287e-01,
       5.7040808482781549e-02, -2.8049295432240962e+02,
       -1.5367464988351566e+02, 1.2734117283311082e+03,
       -3.3041640018975710e-01, 4.9147948706216187e-02,
       8.8285573063121028e-02, -2.0702438317176671e+02,
       -9.7961809483972232e+01, 1.1789628810498173e+03,
       2.3485657182604917e-02, 1.6149594487457553e-01,
       6.3795257638664966e-03, -2.2458205413834992e+02,
       -1.5484482366576566e+02, 1.1291281200315286e+03,
       -2.7346887852197516e-01, 3.9236636435964717e-01,
       -2.0927698978380774e-01, -2.0240353467091488e+01,
       -1.3162848101822030e+02, 1.6171717933724829e+03,
       3.6081227550302769e-01, -2.1079102717914447e-01,
       -7.9159164620351705e-02, -1.8494548298075699e+02,
       -6.1371850282729838e+01, 8.3939504989622094e+02,
       -4.7894852849714070e-01, -6.1928457319209325e-03,
       -1.5443623992773592e-01, -2.4715568719673578e+02,
       3.3857626265508740e+00, 1.3638885164317733e+03,
       -1.0803053531674678e-01, -4.7066512638361302e-01,
       9.9063353084923686e-02, -7.4279167902388082e+01,
       -1.1693228516934094e+02, 1.2400079943816477e+03,
       4.4904538745644057e-01, -2.8467299151641146e-01,
       3.0638974319483997e-01, -1.5411522650863336e+02,
       -1.2843470737821102e+02, 1.0542162781999584e+03 ]
Image_points: !!opencv-matrix
   rows: 8
   cols: 54
   dt: "2f"
   data: [ 1.16372131e+02, 1.28812653e+02, 1.45680313e+02,
       1.25663895e+02, 1.76278427e+02, 1.23018433e+02, 2.08639832e+02,
       1.19909874e+02, 2.41768005e+02, 1.17108986e+02, 2.76397217e+02,
       1.14051666e+02, 3.12601746e+02, 1.11244911e+02, 3.50278198e+02,
       1.08453461e+02, 3.89173462e+02, 1.05588089e+02, 1.10060265e+02,
       1.62285645e+02, 1.39613388e+02, 1.59914536e+02, 1.70583588e+02,
       1.57819550e+02, 2.03120102e+02, 1.55571899e+02, 2.36407944e+02,
       1.53351990e+02, 2.71378204e+02, 1.51071213e+02, 3.07999207e+02,
       1.48833130e+02, 3.45791656e+02, 1.46666122e+02, 3.84958618e+02,
       1.44346375e+02, 1.02821800e+02, 1.96373260e+02, 1.33061386e+02,
       1.94897766e+02, 1.64133301e+02, 1.93406494e+02, 1.97131348e+02,
       1.91526443e+02, 2.30743454e+02, 1.90269119e+02, 2.66093567e+02,
       1.88510452e+02, 3.02908600e+02, 1.87267807e+02, 3.41435364e+02,
       1.85582413e+02, 3.80969421e+02, 1.84217758e+02, 9.57110596e+01,
       2.31211716e+02, 1.25924355e+02, 2.30431686e+02, 1.57370041e+02,
       2.29501190e+02, 1.90408737e+02, 2.28578262e+02, 2.24608719e+02,
       2.27700256e+02, 2.60151428e+02, 2.27058640e+02, 2.97528259e+02,
       2.26477112e+02, 3.36439301e+02, 2.25593002e+02, 3.76671875e+02,
       2.25072220e+02, 8.83633575e+01, 2.66323944e+02, 1.18560120e+02,
       2.66391571e+02, 1.50232712e+02, 2.66271118e+02, 1.83717911e+02,
       2.66365906e+02, 2.18236328e+02, 2.66346039e+02, 2.54186935e+02,
       2.66357147e+02, 2.91757324e+02, 2.66318726e+02, 3.30966339e+02,
       2.66385254e+02, 3.71755707e+02, 2.66448578e+02, 8.06995850e+01,
       3.02553009e+02, 1.10973961e+02, 3.03161346e+02, 1.42931946e+02,
       3.03685150e+02, 1.76543304e+02, 3.04521667e+02, 2.11343643e+02,
       3.05514252e+02, 2.47816605e+02, 3.06568939e+02, 2.85674408e+02,
       3.07445831e+02, 3.25397522e+02, 3.08428467e+02, 3.66400116e+02,
       3.09297607e+02, 1.56647720e+02, 1.63303146e+02, 1.94616104e+02,
       1.65524887e+02, 2.33478714e+02, 1.67842636e+02, 2.73221008e+02,
       1.70700043e+02, 3.12640686e+02, 1.73404556e+02, 3.52378754e+02,
       1.76266693e+02, 3.92664703e+02, 1.79466614e+02, 4.33038757e+02,
       1.82647247e+02, 4.73424133e+02, 1.85885117e+02, 1.50891571e+02,
       1.99877472e+02, 1.89648422e+02, 2.02543381e+02, 2.28745209e+02,
       2.05199921e+02, 2.68936005e+02, 2.08061371e+02, 3.08887360e+02,
       2.10998245e+02, 3.49175018e+02, 2.14045959e+02, 3.90074890e+02,
       2.17301971e+02, 4.30850372e+02, 2.20629395e+02, 4.71583008e+02,
       2.23978607e+02, 1.44971390e+02, 2.37070770e+02, 1.84231995e+02,
       2.40086258e+02, 2.23914688e+02, 2.43154968e+02, 2.64591949e+02,
       2.46133392e+02, 3.05023071e+02, 2.49403030e+02, 3.45964935e+02,
       2.52791321e+02, 3.86994965e+02, 2.56028961e+02, 4.28504242e+02,
       2.59704468e+02, 4.69765961e+02, 2.63109436e+02, 1.38911057e+02,
       2.75270966e+02, 1.78494751e+02, 2.78560822e+02, 2.18783447e+02,
       2.81786774e+02, 2.59969452e+02, 2.85241028e+02, 3.00953827e+02,
       2.88639740e+02, 3.42373932e+02, 2.91990601e+02, 3.84261505e+02,
       2.95829559e+02, 4.25948822e+02, 2.99392181e+02, 4.67694794e+02,
       3.02943085e+02, 1.32595291e+02, 3.13950714e+02, 1.72809036e+02,
       3.17601318e+02, 2.13570038e+02, 3.21213196e+02, 2.55377625e+02,
       3.25008026e+02, 2.96927643e+02, 3.28879333e+02, 3.38799805e+02,
       3.32412811e+02, 3.81033325e+02, 3.36042633e+02, 4.23389069e+02,
       3.39795288e+02, 4.65797791e+02, 3.43488281e+02, 1.26471527e+02,
       3.54165222e+02, 1.66988739e+02, 3.58024567e+02, 2.08246552e+02,
       3.61967133e+02, 2.50456390e+02, 3.65877106e+02, 2.92461090e+02,
       3.69854462e+02, 3.34958649e+02, 3.73941803e+02, 3.77890289e+02,
       3.77669434e+02, 4.20741211e+02, 3.81435303e+02, 4.63548523e+02,
       3.85035278e+02, 1.35867203e+02, 1.13480232e+02, 1.74530472e+02,
       1.12433716e+02, 2.14341339e+02, 1.11415779e+02, 2.55317245e+02,
       1.10439140e+02, 2.96387665e+02, 1.09591362e+02, 3.38260498e+02,
       1.09017593e+02, 3.80706085e+02, 1.08515617e+02, 4.24266296e+02,
       1.08202187e+02, 4.67682007e+02, 1.07822426e+02, 1.35929367e+02,
       1.54412384e+02, 1.74692917e+02, 1.53589279e+02, 2.14466125e+02,
       1.53001144e+02, 2.55387009e+02, 1.52468246e+02, 2.96371643e+02,
       1.51931015e+02, 3.38196930e+02, 1.51757141e+02, 3.80694122e+02,
       1.51551941e+02, 4.23985291e+02, 1.51588531e+02, 4.67473541e+02,
       1.51524948e+02, 1.35858932e+02, 1.95249207e+02, 1.74786560e+02,
       1.94686218e+02, 2.14416992e+02, 1.94534897e+02, 2.55329941e+02,
       1.94411880e+02, 2.96372528e+02, 1.94374771e+02, 3.37931824e+02,
       1.94423721e+02, 3.80552612e+02, 1.94513733e+02, 4.23637543e+02,
       1.94758362e+02, 4.67119934e+02, 1.95172943e+02, 1.35819229e+02,
       2.35756729e+02, 1.74535080e+02, 2.35802719e+02, 2.14316010e+02,
       2.36107285e+02, 2.55040176e+02, 2.36458588e+02, 2.95961456e+02,
       2.36558670e+02, 3.37713898e+02, 2.37107849e+02, 3.80463287e+02,
       2.37477997e+02, 4.23281921e+02, 2.37836685e+02, 4.66508850e+02,
       2.38475693e+02, 1.35663406e+02, 2.76435181e+02, 1.74462051e+02,
       2.76745483e+02, 2.13888580e+02, 2.77461792e+02, 2.54729843e+02,
       2.78087524e+02, 2.95688812e+02, 2.78589630e+02, 3.37497101e+02,
       2.79416992e+02, 3.79927277e+02, 2.80134064e+02, 4.22689453e+02,
       2.80588501e+02, 4.66010254e+02, 2.81564148e+02, 1.35610291e+02,
       3.17094543e+02, 1.74359833e+02, 3.18093658e+02, 2.13628189e+02,
